0 160 Lim_Bairro CODBAIRRO
13 91         9671.65808
13 96         8915.97401
13 95         9270.06478
13 92         9749.66592
13 94         9739.92828
13 101          9106.7913
13 98         6982.62951
13 97         8332.24624
98 105         9656.02624
98 91         4373.71703
98 102         3077.82268
98 96          2306.2252
98 103         4132.10331
98 95         2923.96868
98 92         3972.48469
98 93         4269.16831
98 94         3612.63277
98 100         3240.06118
98 99         4463.88973
98 104         7240.92167
98 101         2169.70815
98 97         1362.57506
98 13         6982.62951
97 157         9762.66981
97 105         8376.71022
97 91         3796.19931
97 102         1753.95228
97 96         1300.55041
97 103         2805.40648
97 95         2007.34376
97 92         3223.50584
97 93         3290.35738
97 94         2722.58302
97 100         1913.44595
97 99         3127.54566
97 104         5922.94442
97 101         819.938742
97 98         1362.57506
97 13         8332.24624
104 56         9717.85184
104 72         8585.60269
104 55          8530.3642
104 157         5795.64858
104 39         8119.70036
104 40         6686.69385
104 51         9663.10344
104 155         9098.28391
104 41         5315.16806
104 50         7775.47907
104 52         8805.61545
104 4         8031.18888
104 12         9355.09601
104 159         9314.37307
104 105         5198.35796
104 54         8501.09571
104 156         7058.43379
104 53         8778.59902
104 73         9806.74973
104 42         5599.17399
104 43         5267.10961
104 74         8539.95546
104 44          5707.6705
104 45         6771.86805
104 75         8447.62449
104 46         5917.13804
104 76         9686.40632
104 91         7047.89148
104 102         4170.41407
104 96         5755.69246
104 103         3117.58623
104 95         5815.71264
104 92         6366.82373
104 93         5601.28192
104 94         5873.29411
104 100         4455.08702
104 99         3564.24368
104 48         7586.42415
104 49         8938.10979
104 47         6681.73245
104 101         5221.84748
104 98         7240.92167
104 97         5922.94442
101 157         8944.97636
101 41         9341.99612
101 4         9697.94136
101 105         7567.60051
101 91         3475.13296
101 102         1133.33281
101 96           956.4284
101 103         2124.56388
101 95         1581.37014
101 92         2813.55465
101 93         2702.80764
101 94         2238.99795
101 100         1097.76177
101 99         2307.68029
101 104         5221.84748
101 98         2169.70815
101 97         819.938742
101 13          9106.7913
103 157         7563.25293
103 39         9782.86433
103 40         8748.73192
103 41         7671.45692
103 4         8900.06878
103 105          6392.5163
103 156         9638.33672
103 42         8336.19944
103 43         8228.91147
103 44          8790.2925
103 46          9028.7201
103 91         4719.76704
103 102         1054.83494
103 96         2793.78855
103 95         3057.49271
103 92         3980.84412
103 93         3426.39216
103 94         3381.04669
103 100         1599.03401
103 99         1543.62376
103 104         3117.58623
103 47         9773.65709
103 101         2124.56388
103 98         4132.10331
103 97         2805.40648
102 157         8388.66743
102 40         9619.13561
102 41         8613.49393
102 4         9474.76488
102 105         7120.68227
102 42         9340.58562
102 43         9268.57218
102 44         9843.98778
102 91         4241.54501
102 96         1959.29429
102 103         1054.83494
102 95         2402.62372
102 92         3519.27767
102 93         3156.46966
102 94         2904.17388
102 100         1127.29375
102 99         1877.27332
102 104         4170.41407
102 101         1133.33281
102 98         3077.82268
102 97         1753.95228
144 160         9496.27946
144 141          7234.9805
144 146         5530.81003
144 147          7032.5148
144 145          2458.7486
144 142         6397.06963
144 143         3196.97314
144 148         9157.95445
48 80         6866.91376
48 68         9764.17204
48 56         6454.13186
48 79         9646.89381
48 72         5031.07892
48 70         8592.94797
48 71          7898.3733
48 55         6203.09197
48 81         7414.98412
48 82         8665.75152
48 84         5787.46323
48 83         7517.97925
48 157         8950.52564
48 40         8558.44008
48 41         7311.21415
48 50         8736.44298
48 52         9484.59011
48 105         9782.03941
48 64         9849.95269
48 54          7553.6649
48 156         6904.98148
48 53         8758.33865
48 65         9685.93686
48 134         9115.44102
48 69         9380.56422
48 73         5361.79073
48 89         8252.14546
48 87          6360.2115
48 88         8080.82674
48 78         9247.38631
48 86         5863.68054
48 85         6689.62404
48 90         8338.66827
48 106         7463.51878
48 42         5944.00722
48 43         4752.10752
48 74         3807.17765
48 44         3513.88162
48 45         2785.98401
48 75         2391.01409
48 46         2106.93475
48 76         3308.37982
48 77         4283.97977
48 110         4856.37507
48 112         6238.70556
48 109         9451.86524
48 111         3479.08908
48 158         3311.55108
48 113         6386.16196
48 114         5137.54439
48 107         9337.39204
48 104         7586.42415
48 49         1355.64095
48 47         1212.41565
96 157         8858.50202
96 41          9421.6453
96 4         9315.30653
96 105         7400.85032
96 91         2553.03903
96 102         1959.29429
96 103         2793.78855
96 95         707.185412
96 92         1935.90157
96 93         2011.71734
96 94         1422.20507
96 100         1303.85837
96 99         2424.42215
96 104         5755.69246
96 101           956.4284
96 98          2306.2252
96 97         1300.55041
96 13         8915.97401
49 80         6731.87808
49 68         9807.71341
49 56         6549.45949
49 79         9396.13981
49 72         5259.03481
49 70         8736.97513
49 71         8130.14003
49 55         6565.73725
49 81         7114.26281
49 82         8316.34789
49 84         5366.73194
49 83          7010.3288
49 40         9432.70371
49 41         8302.71581
49 50         9465.93552
49 54         8053.52146
49 156         7620.21236
49 53         9325.03086
49 134         7909.39185
49 69         9309.65631
49 73         5256.74841
49 89         7362.79838
49 87         5319.73966
49 88         7348.88979
49 78          8647.2269
49 86         4994.68902
49 85         6013.89947
49 90         7287.34377
49 125         9699.64916
49 106         6211.88411
49 136         9734.66974
49 42         6866.64017
49 43         5746.05419
49 74         3914.08776
49 44         4502.00004
49 45         3536.77881
49 75         2364.35769
49 46         3290.54946
49 76         2762.46935
49 77         3478.72194
49 110         3685.91497
49 112         5003.56054
49 109         8140.68211
49 111         2240.41275
49 158         1962.09282
49 113         5058.13534
49 114         3782.34258
49 107         7986.40321
49 104         8938.10979
49 48         1355.64095
49 47         2387.10724
100 157         7849.27044
100 40         9137.00313
100 41         8277.98525
100 4         8640.42232
100 105         6470.69792
100 42         9161.11505
100 43         9239.21157
100 91          3177.4846
100 102         1127.29375
100 96         1303.85837
100 103         1599.03401
100 95         1459.31989
100 92         2442.57546
100 93         2029.81083
100 94         1828.78575
100 99         1224.66027
100 104         4455.08702
100 101         1097.76177
100 98         3240.06118
100 97         1913.44595
114 80         7819.13445
114 56         8199.46453
114 79         9823.23947
114 72         7399.91311
114 55         8765.08732
114 81         7709.82782
114 82         8595.35349
114 84         6027.11726
114 83         7036.49428
114 134          5059.2924
114 135         6988.13269
114 138         8610.15857
114 108         6232.79091
114 73         6718.04453
114 89         6019.16405
114 124         9686.98897
114 87         3830.58665
114 88         6587.33049
114 78         8127.09868
114 86         4357.85273
114 85         5734.73217
114 90          5274.8577
114 125         8362.17945
114 106          3296.9209
114 136         7656.41154
114 137         9844.19235
114 43         9074.32088
114 74         6156.60202
114 44         7899.09306
114 45         6764.31899
114 75         5017.89922
114 46         6954.24496
114 76         4292.74491
114 77         3845.73702
114 110         2368.68527
114 112         2501.50969
114 109         4676.68407
114 111         2224.00791
114 158         1867.80445
114 113         1698.89881
114 107          4254.8146
114 48         5137.54439
114 49         3782.34258
114 47         6091.67827
46 80         6244.66393
46 68          8726.1276
46 56         5514.14584
46 66          9239.0327
46 79         9050.74253
46 72         4039.33313
46 70         7455.50177
46 71          6667.7402
46 55         4886.62206
46 81         7010.14795
46 82         8265.96252
46 84          5711.0258
46 83         7435.36739
46 157         6867.33865
46 39          8351.5824
46 40         6559.37479
46 51         8957.50359
46 60         9834.22532
46 155         8402.63096
46 41         5243.17793
46 50         6864.00292
46 52         7698.24599
46 12          9725.7649
46 105         7675.30148
46 63         9334.46297
46 64         8444.11828
46 54          5975.5377
46 156         5087.69453
46 53          7062.0466
46 65         8080.80078
46 69         8523.06138
46 73         4844.79632
46 89         8778.05354
46 87         7262.40029
46 88         8337.92351
46 78         9227.66043
46 86         6499.94165
46 85         6938.90517
46 90         9169.05638
46 106         8772.34631
46 42         3940.21325
46 43         2713.28732
46 74         3246.00479
46 44         1538.40356
46 45         1431.78339
46 75         2604.73655
46 76          3855.5173
46 77         4997.56862
46 110         6104.02455
46 112         7547.87983
46 111         4971.39677
46 158         5086.54922
46 113         7962.97335
46 114         6954.24496
46 103          9028.7201
46 99         9329.41029
46 104         5917.13804
46 48         2106.93475
46 49         3290.54946
46 47         910.832046
99 157         6643.22338
99 39         8737.16081
99 40         7920.95285
99 41         7054.39727
99 50         9124.17836
99 2         9415.70323
99 1         9523.36763
99 4         7597.87658
99 3         9752.30407
99 12         9620.77834
99 159         9058.46502
99 105           5299.922
99 156         9095.44444
99 42         7958.51751
99 43         8082.14729
99 44         8836.20739
99 46         9329.41029
99 91           3533.436
99 102         1877.27332
99 96         2424.42215
99 103         1543.62376
99 95         2304.09007
99 92         2825.34908
99 93         2112.90683
99 94         2310.05959
99 100         1224.66027
99 104         3564.24368
99 101         2307.68029
99 98         4463.88973
99 97         3127.54566
47 80          6309.4932
47 68         9011.66086
47 56         5725.29342
47 66         9603.34593
47 79         9126.83525
47 72         4252.47513
47 70         7783.59856
47 71         7038.33117
47 55         5286.86316
47 81         6982.16287
47 82         8246.72384
47 84         5518.48067
47 83         7267.77064
47 157          7738.5162
47 39         9139.66052
47 40         7366.95144
47 51          9645.1889
47 155         9105.02506
47 41         6101.01018
47 50         7590.92426
47 52         8375.62943
47 105         8579.49325
47 63         9820.82185
47 64         8915.05034
47 54         6528.53272
47 156         5776.10992
47 53         7686.10704
47 65         8657.14905
47 134         9626.11054
47 69         8719.55303
47 73         4837.51224
47 89         8368.09147
47 87         6695.74117
47 88         8033.93724
47 78         9047.09847
47 86         6025.26432
47 85         6624.72179
47 90         8643.19177
47 106          8071.6757
47 42          4747.8431
47 43         3545.39845
47 74         3211.99436
47 44         2315.13102
47 45         1749.35245
47 75         2161.52911
47 46         910.832046
47 76         3355.37677
47 77         4468.37526
47 110         5404.76772
47 112         6840.33775
47 111         4183.08169
47 158         4225.59238
47 113         7171.77095
47 114         6091.67827
47 103         9773.65709
47 104         6681.73245
47 48         1212.41565
47 49         2387.10724
158 80         6774.74136
158 56         6930.28702
158 79         9131.30977
158 72         5922.09473
158 70         9068.21814
158 71         8608.04338
158 55         7298.94185
158 81         6884.61155
158 82         7946.88418
158 84         5098.28739
158 83         6463.82442
158 41         9750.88741
158 54         8890.41118
158 156         8745.90875
158 134         6137.96307
158 135         8183.92674
158 138         9788.87655
158 108         7906.26895
158 69         9312.90759
158 73         5474.32267
158 89         6156.39968
158 124         9544.83697
158 87         3940.47698
158 88         6413.31212
158 78         7870.84147
158 86         3984.25123
158 85         5259.83313
158 90         5797.54619
158 125         8558.48366
158 106         4384.41314
158 136         8275.68491
158 42         8267.18544
158 43         7264.41122
158 74         4599.21503
158 44          6067.7848
158 45         4956.39025
158 75         3284.74161
158 46         5086.54922
158 76         2836.18523
158 77         2849.26454
158 110         2163.57051
158 112         3234.77989
158 109           6208.698
158 111         885.916254
158 113         3113.08923
158 114         1867.80445
158 107         6025.86645
158 48         3311.55108
158 49         1962.09282
158 47         4225.59238
95 157         8434.18209
95 40         9771.06234
95 41         9100.64898
95 2         9728.00894
95 1         9623.59409
95 4         8726.98628
95 105         6937.63372
95 91         1896.14859
95 102         2402.62372
95 96         707.185412
95 103         3057.49271
95 92         1239.74513
95 93            1345.48
95 94          717.88534
95 100         1459.31989
95 99         2304.09007
95 104         5815.71264
95 101         1581.37014
95 98         2923.96868
95 97         2007.34376
95 13         9270.06478
44 80         5400.99384
44 68         7519.39606
44 56         4483.76807
44 66         7936.65834
44 79         8116.08274
44 72         3102.43454
44 70         6215.90634
44 71         5391.52383
44 55         3621.88343
44 81         6281.29935
44 82         7488.02861
44 84         5309.11474
44 83         6916.78397
44 57         9178.25386
44 157         5464.15849
44 39         6830.79385
44 58         8442.11232
44 59         8541.06186
44 40         5052.21582
44 51         7422.33811
44 60         8311.77301
44 155         6865.39159
44 41         3812.29475
44 50         5325.60905
44 52          6166.3216
44 4         8437.92464
44 12         8197.88953
44 11         9520.07623
44 159         9004.40125
44 105         6425.06234
44 62         9194.10679
44 61         8799.93169
44 63         7912.90301
44 64         7041.49653
44 54          4522.1258
44 156         3556.67418
44 53         5552.98624
44 65         6596.53449
44 69         7431.89494
44 73         4193.70932
44 67         9232.19966
44 89         8643.95605
44 87         7472.72258
44 88         8024.42598
44 78         8683.76586
44 86         6559.35116
44 85         6688.26348
44 90         9248.31265
44 106         9234.91527
44 42         2432.71965
44 43         1247.90713
44 74         2832.68719
44 45         1178.06944
44 75         2998.50846
44 46         1538.40356
44 76         4143.71714
44 77         5239.98546
44 110         6634.19543
44 112         8053.03164
44 111         5754.25694
44 158          6067.7848
44 113         8669.09796
44 114         7899.09306
44 102         9843.98778
44 103          8790.2925
44 99         8836.20739
44 104          5707.6705
44 48         3513.88162
44 49         4502.00004
44 47         2315.13102
141 160         2904.42284
141 135         8408.21972
141 138         7519.93514
141 139         5882.62896
141 140         4354.72428
141 108         7542.25578
141 145         6169.02048
141 142         4384.84604
141 144          7234.9805
141 143         4072.37865
141 109         9303.18187
141 107         9513.74643
93 157         7312.20997
93 39         9073.78335
93 40         8663.72406
93 41         8130.34593
93 50         9840.08185
93 2         8409.97858
93 1         8338.27551
93 5         9418.58259
93 4         7409.78656
93 3         8972.52356
93 10         9543.13899
93 12         9690.07826
93 159         8852.89776
93 105         5772.63208
93 42         9268.61687
93 43         9610.42934
93 91         1447.41087
93 102         3156.46966
93 96         2011.71734
93 103         3426.39216
93 95            1345.48
93 92         822.791864
93 94         690.672852
93 100         2029.81083
93 99         2112.90683
93 104         5601.28192
93 101         2702.80764
93 98         4269.16831
93 97         3290.35738
76 80         4060.35967
76 68           7214.681
76 56         4101.72424
76 66         8049.78345
76 79         6647.08133
76 72         3120.40892
76 70         6259.49561
76 71         5774.39315
76 55         4495.05522
76 81         4361.85259
76 82         5554.39172
76 84         2604.26497
76 83         4269.33013
76 157         9006.08288
76 39         9647.35323
76 40         8156.63592
76 51         9521.99461
76 155         9102.55891
76 41         7402.29932
76 50          7865.8436
76 52         8303.71856
76 62         9735.61867
76 63         8736.72422
76 64         7839.17737
76 54         6100.86642
76 156         6110.51055
76 53         7421.37492
76 65         8065.58687
76 134         6456.97921
76 135         8455.13745
76 108          9163.9805
76 69         6640.11072
76 73         2667.96057
76 67          8548.8435
76 89         5020.49938
76 123         9288.32372
76 124         7667.80884
76 87          3412.7963
76 88         4775.11584
76 78         5958.15187
76 86         2670.55533
76 85         3381.24453
76 90         5315.96115
76 125         7211.63998
76 106         5091.63325
76 136         7588.40229
76 137         9695.60447
76 42         5915.31214
76 43         5138.63378
76 74         1870.49793
76 44         4143.71714
76 45         2976.38499
76 75         1251.66371
76 46          3855.5173
76 77         1143.40077
76 110         2532.82056
76 112         3920.47898
76 109         7301.29186
76 111         2104.33994
76 158         2836.18523
76 113         4655.01514
76 114         4292.74491
76 107         7673.29331
76 104         9686.40632
76 48         3308.37982
76 49         2762.46935
76 47         3355.37677
107 81         9458.28985
107 84         8264.90068
107 83         8417.14419
107 160         7745.31391
107 134         3332.72603
107 135         4177.49279
107 138         5572.05746
107 139          7219.6374
107 140          7969.6121
107 108         2097.87264
107 141         9513.74643
107 73         9388.78963
107 89         6237.04972
107 124         9717.03839
107 87         5122.79509
107 88         7284.13243
107 78         8653.81975
107 86         6183.58396
107 85         7248.31403
107 90         4924.78717
107 125         7843.89889
107 106           2997.281
107 136         6269.00709
107 137         7989.18711
107 74         9450.56447
107 75         8726.67725
107 76         7673.29331
107 77          6752.3406
107 110         5142.34601
107 112         3851.91862
107 109         1517.89335
107 111         6033.39173
107 158         6025.86645
107 113         3056.44442
107 114          4254.8146
107 48         9337.39204
107 49         7986.40321
111 80         5927.90384
111 68         9111.51813
111 56         6143.60006
111 79         8248.64259
111 72         5224.67435
111 70         8255.10195
111 71         7828.17282
111 55         6599.29377
111 81         6007.85963
111 82         7061.83167
111 84         4226.55017
111 83         5578.31248
111 41         9311.39339
111 54         8205.03181
111 156          8165.2653
111 53         9525.45937
111 134         5669.38592
111 135         7733.94468
111 138          9312.2331
111 108         7778.94773
111 69          8450.1563
111 73          4672.2892
111 89          5364.2694
111 124         8683.68725
111 87         3193.58882
111 88         5560.76671
111 78         7001.73905
111 86         3128.11034
111 85         4381.11879
111 90         5118.79776
111 125         7757.71659
111 106         3986.85705
111 136         7590.19517
111 137          9806.3388
111 42         7818.53868
111 43         6896.63772
111 74         3947.99913
111 44         5754.25694
111 45         4595.99229
111 75          2812.0072
111 46         4971.39677
111 76         2104.33994
111 77          1969.6311
111 110         1467.05516
111 112         2768.31645
111 109         5996.29688
111 158         885.916254
111 113         2992.60124
111 114         2224.00791
111 107         6033.39173
111 48         3479.08908
111 49         2240.41275
111 47         4183.08169
94 157           7969.325
94 39         9758.12521
94 40         9317.60718
94 41         8738.17952
94 2         9014.51685
94 1         8905.80454
94 4         8098.26882
94 3         9610.82392
94 159         9539.35043
94 105         6440.39786
94 42         9836.63801
94 91         1348.74026
94 102         2904.17388
94 96         1422.20507
94 103         3381.04669
94 95          717.88534
94 92         615.817559
94 93         690.672852
94 100         1828.78575
94 99         2310.05959
94 104         5873.29411
94 101         2238.99795
94 98         3612.63277
94 97         2722.58302
94 13         9739.92828
113 80         7452.93832
113 56         8058.96714
113 79         9049.65585
113 72         7548.26673
113 71         9690.89403
113 55         8845.75444
113 81         7134.52483
113 82         7822.79422
113 84          5656.8052
113 83          6268.7429
113 134         3368.17352
113 135         5291.62484
113 138         6914.07163
113 139         9012.71484
113 108         4809.31505
113 69         9637.29382
113 73         6622.96648
113 89         4753.97669
113 124         8487.44062
113 87         2811.50478
113 88         5518.86062
113 78         7053.08562
113 86         3671.23913
113 85         4973.43487
113 90         3800.13126
113 125         6976.17711
113 106         1633.79453
113 136         6070.71743
113 137          8224.5893
113 43         9753.71041
113 74         6476.09384
113 44         8669.09796
113 45         7494.16778
113 75         5674.04584
113 46         7962.97335
113 76         4655.01514
113 77         3824.71934
113 110         2156.76618
113 112         1255.92077
113 109         3098.95686
113 111         2992.60124
113 158         3113.08923
113 114         1698.89881
113 107         3056.44442
113 48         6386.16196
113 49         5058.13534
113 47         7171.77095
45 80          4817.5176
45 68         7328.53542
45 56         4089.33436
45 66         7881.29466
45 79         7620.04415
45 72         2611.33856
45 70         6075.47289
45 71         5310.58998
45 55         3546.18468
45 81         5602.77156
45 82          6852.4708
45 84         4400.68234
45 83         6090.18043
45 57         9805.32381
45 157         6468.28543
45 39         7607.86066
45 58         9043.54826
45 59         9053.82353
45 40         5895.92508
45 51         7973.85968
45 60         8767.53533
45 155         7450.29305
45 41         4810.70284
45 50         5974.54905
45 52         6700.31524
45 4         9393.06705
45 12         8931.45972
45 159         9845.59387
45 105         7527.06201
45 62         9296.62734
45 61         9124.81675
45 63         8071.63477
45 64         7166.53615
45 54          4789.6424
45 156         4133.52542
45 53          5974.6284
45 65         6921.30024
45 134         9414.66299
45 69         7099.23556
45 73         3442.69068
45 67         8979.58425
45 89         7623.70889
45 124          9478.9888
45 87         6337.82918
45 88         7084.72222
45 78         7880.12506
45 86         5459.70331
45 85         5710.44247
45 90          8153.8497
45 125         9528.31284
45 106         8064.08611
45 42         3346.00917
45 43         2310.52561
45 74         1890.78876
45 44         1178.06944
45 75         1821.25705
45 46         1431.78339
45 76         2976.38499
45 77         4087.52383
45 110         5456.62495
45 112         6877.71643
45 111         4595.99229
45 158         4956.39025
45 113         7494.16778
45 114         6764.31899
45 104         6771.86805
45 48         2785.98401
45 49         3536.77881
45 47         1749.35245
43 80         5538.43334
43 68          7152.0796
43 56         4469.23501
43 66         7421.50393
43 79         8064.66254
43 72         3333.91362
43 70         5837.36985
43 71         4987.73176
43 55         3350.44372
43 81         6492.67004
43 82         7613.21252
43 84         5839.40108
43 83         7292.24333
43 36         9065.25721
43 57         8068.67688
43 157         4216.44316
43 39         5647.95137
43 58          7354.0342
43 59         7514.52604
43 40         3848.08743
43 51         6378.94338
43 60         7330.68845
43 155         5804.38137
43 41         2564.65908
43 50         4241.95087
43 52         5155.08667
43 4         7191.52297
43 10          8832.7157
43 35         9640.80707
43 12          7030.8106
43 11         8372.84024
43 159         7785.48106
43 105         5216.83869
43 62         8504.48267
43 61         7918.94478
43 63         7192.42154
43 64         6371.79101
43 54         3812.51565
43 156         2603.07141
43 53          4651.5875
43 65         5753.26537
43 69         7216.95431
43 73         4590.52166
43 67          8893.1417
43 89         9268.39216
43 87          8332.7633
43 88         8532.47972
43 78         8993.51336
43 86         7352.90041
43 85         7276.75196
43 42         1237.36919
43 74         3552.88085
43 44         1247.90713
43 45         2310.52561
43 75         4094.36873
43 46         2713.28732
43 76         5138.63378
43 77         6171.68909
43 110         7667.43571
43 112         9055.35575
43 111         6896.63772
43 158         7264.41122
43 113         9753.71041
43 114         9074.32088
43 102         9268.57218
43 103         8228.91147
43 93         9610.42934
43 100         9239.21157
43 99         8082.14729
43 104         5267.10961
43 48         4752.10752
43 49         5746.05419
43 47         3545.39845
92 157         8046.27608
92 39         9727.24865
92 40         9401.12603
92 41         8918.33659
92 2          8631.5174
92 1         8476.59359
92 5         9503.03449
92 4         7945.00205
92 3         9282.15656
92 159         9364.57047
92 105         6489.26986
92 91         739.040506
92 102         3519.27767
92 96         1935.90157
92 103         3980.84412
92 95         1239.74513
92 93         822.791864
92 94         615.817559
92 100         2442.57546
92 99         2825.34908
92 104         6366.82373
92 101         2813.55465
92 98         3972.48469
92 97         3223.50584
92 13         9749.66592
91 157         8331.54381
91 40         9685.86003
91 41         9308.29366
91 2         8334.83696
91 1         8111.83347
91 5         9090.09473
91 4         7962.18614
91 3           9059.494
91 159         9345.37108
91 105          6756.7588
91 102         4241.54501
91 96         2553.03903
91 103         4719.76704
91 95         1896.14859
91 92         739.040506
91 93         1447.41087
91 94         1348.74026
91 100          3177.4846
91 99           3533.436
91 104         7047.89148
91 101         3475.13296
91 98         4373.71703
91 97         3796.19931
91 13         9671.65808
110 80         5501.11321
110 68          8615.7108
110 56         5988.88596
110 66         9565.63913
110 79         7458.98366
110 72          5398.0265
110 70         7936.82196
110 71         7650.76106
110 55         6710.26742
110 81         5344.88109
110 82         6233.39581
110 84         3695.44335
110 83         4679.74025
110 64         9660.14117
110 54         8312.49213
110 156         8524.21798
110 53         9618.86947
110 134         4260.14894
110 135         6323.50583
110 138         7882.24673
110 108         6667.67773
110 69         7860.51878
110 73         4525.89792
110 67         9613.86683
110 89         4008.12617
110 123         9043.60719
110 124         7505.99757
110 87         1778.14209
110 88         4367.24582
110 78         5878.45763
110 86         2017.55907
110 85         3387.83196
110 90         3658.89995
110 125         6411.61029
110 106         2670.01457
110 136         6134.75842
110 137         8354.62594
110 42         8438.15335
110 43         7667.43571
110 74         4324.02214
110 44         6634.19543
110 45         5456.62495
110 75         3644.08279
110 46         6104.02455
110 76         2532.82056
110 77         1675.37658
110 112         1444.10753
110 109         4821.13421
110 111         1467.05516
110 158         2163.57051
110 113         2156.76618
110 114         2368.68527
110 107         5142.34601
110 48         4856.37507
110 49         3685.91497
110 47         5404.76772
106 80          6980.1419
106 68         9744.54365
106 56         7781.87257
106 79         8116.40918
106 72         7573.28771
106 70         9382.83399
106 71         9308.09213
106 55         8752.69416
106 81         6466.11056
106 82         6926.36725
106 84         5292.70439
106 83         5445.91563
106 134          1782.6933
106 135         3801.82798
106 138         5413.90278
106 139         7587.34805
106 140         8822.54719
106 108         4098.71349
106 69          8873.1926
106 73         6463.79429
106 89         3467.65718
106 123          8446.8974
106 124         7158.16794
106 87         2138.30403
106 88         4412.88043
106 78         5877.19292
106 86         3215.29637
106 85         4253.39089
106 90          2314.2952
106 125         5500.69647
106 136         4453.26158
106 137         6592.69366
106 122         9227.05522
106 74         6721.10681
106 44         9234.91527
106 45         8064.08611
106 75         6275.30293
106 46         8772.34631
106 76         5091.63325
106 77         4033.96576
106 110         2670.01457
106 112         1232.22556
106 109         2228.39321
106 111         3986.85705
106 158         4384.41314
106 113         1633.79453
106 114          3296.9209
106 107           2997.281
106 48         7463.51878
106 49         6211.88411
106 47          8071.6757
108 84         9247.80161
108 83         9010.52531
108 160         6097.22616
108 134          3399.8256
108 135         3052.27426
108 138         4021.98885
108 139         5304.78471
108 140         5909.35857
108 141         7542.25578
108 89         6556.61064
108 124         9553.85516
108 87         6140.21346
108 88           7681.127
108 78         8823.48822
108 86         7221.00307
108 85         8018.97222
108 90         5236.03553
108 125         7563.48026
108 106         4098.71349
108 136         5707.12892
108 137         6950.61873
108 76          9163.9805
108 77         8129.42999
108 110         6667.67773
108 112         5244.58832
108 109         1870.34387
108 111         7778.94773
108 158         7906.26895
108 113         4809.31505
108 114         6232.79091
108 107         2097.87264
112 80         6276.45047
112 68         9228.38338
112 56         6953.31518
112 79         7795.08681
112 72         6578.80116
112 70         8721.62274
112 71         8552.51385
112 55         7823.73597
112 81         5908.45389
112 82         6569.24876
112 84         4502.54815
112 83         5018.17629
112 54           9394.255
112 156          9743.0432
112 134         2913.86486
112 135         4973.56215
112 138         6565.60249
112 139         8770.69837
112 108         5244.58832
112 69         8400.73093
112 73         5557.73637
112 89         3570.43721
112 123         8714.02501
112 124          7289.2999
112 87         1555.85083
112 88         4276.99225
112 78         5816.73734
112 86         2461.60576
112 85         3728.98084
112 90         2777.16271
112 125         5872.71268
112 106         1232.22556
112 136          5195.3657
112 137         7404.99562
112 122         9836.04305
112 42         9771.83443
112 43         9055.35575
112 74         5626.55214
112 44         8053.03164
112 45         6877.71643
112 75          5074.7909
112 46         7547.87983
112 76         3920.47898
112 77         2920.54017
112 110         1444.10753
112 109         3387.07445
112 111         2768.31645
112 158         3234.77989
112 113         1255.92077
112 114         2501.50969
112 107         3851.91862
112 48         6238.70556
112 49         5003.56054
112 47         6840.33775
75 80         4497.71173
75 68          7487.5307
75 56         4202.10573
75 66         8221.58591
75 79          7260.2213
75 72         2896.31189
75 70         6384.64174
75 71         5766.18496
75 55         4220.42222
75 81         5024.03334
75 82         6276.14786
75 84         3426.29121
75 83         5172.17196
75 157         8145.03583
75 39         9033.65801
75 40         7426.12184
75 51         9128.85077
75 60         9783.55685
75 155         8658.82457
75 41         6503.24311
75 50          7300.3983
75 52         7871.36805
75 105         9289.08519
75 62         9819.12756
75 63         8712.33074
75 64          7796.7011
75 54         5747.23248
75 156         5474.78473
75 53          7042.3146
75 65         7827.56576
75 134         7693.73299
75 135         9701.56011
75 69         7043.04023
75 73         2993.69879
75 67         8974.09327
75 89         6217.57204
75 124         8619.34483
75 87         4663.31722
75 88         5875.33998
75 78         6932.01422
75 86         3902.92235
75 85         4466.22575
75 90         6564.58855
75 125         8334.15828
75 106         6275.30293
75 136         8810.91181
75 42         5011.66253
75 43         4094.36873
75 74         1550.54382
75 44         2998.50846
75 45         1821.25705
75 46         2604.73655
75 76         1251.66371
75 77         2394.88584
75 110         3644.08279
75 112          5074.7909
75 109         8461.20317
75 111          2812.0072
75 158         3284.74161
75 113         5674.04584
75 114         5017.89922
75 107         8726.67725
75 104         8447.62449
75 48         2391.01409
75 49         2364.35769
75 47         2161.52911
109 80         9033.58718
109 79         9798.49077
109 72         9782.25505
109 81         8416.70822
109 82         8679.93077
109 84         7425.41452
109 83         7318.07607
109 160         7967.50327
109 134         1893.90813
109 135         2744.15443
109 138          4249.3888
109 139          6121.3986
109 140         7099.68788
109 108         1870.34387
109 141         9303.18187
109 73         8642.15834
109 89          4973.2547
109 123         9319.68557
109 124         8302.39712
109 87         4292.70841
109 88         6069.83158
109 78         7347.76934
109 86         5377.06189
109 85         6251.39972
109 90         3634.91489
109 125         6388.70128
109 106         2228.39321
109 136         4759.35178
109 137          6482.3137
109 122         9431.08882
109 74          8949.4978
109 75         8461.20317
109 76         7301.29186
109 77         6259.80568
109 110         4821.13421
109 112         3387.07445
109 111         5996.29688
109 158           6208.698
109 113         3098.95686
109 114         4676.68407
109 107         1517.89335
109 48         9451.86524
109 49         8140.68211
77 80         4003.52931
77 68         7178.15917
77 56         4362.31143
77 66         8089.09444
77 79         6282.68421
77 72         3724.00953
77 70         6389.38932
77 71          6040.6074
77 55         5036.34158
77 81         4038.39736
77 82         5104.91775
77 84         2262.19248
77 83         3655.39563
77 40          8945.2281
77 155         9656.87808
77 41         8319.77142
77 50         8533.35462
77 52         8859.99059
77 62         9827.17671
77 63         8941.11936
77 64         8076.68173
77 54          6640.8553
77 156         6861.47291
77 53          7950.2018
77 65         8466.48123
77 134         5328.00255
77 135         7315.31785
77 138         8764.64423
77 108         8129.42999
77 69         6492.67664
77 73         2884.60561
77 67         8335.18552
77 89         3968.52554
77 123         8513.25253
77 124          6904.7251
77 87         2269.95478
77 88         3870.35642
77 78         5196.05139
77 86         1582.23912
77 85         2550.15886
77 90         4180.10765
77 125           6245.093
77 106         4033.96576
77 136         6489.31963
77 137         8626.24496
77 42         6852.47265
77 43         6171.68909
77 74         2706.01306
77 44         5239.98546
77 45         4087.52383
77 75         2394.88584
77 46         4997.56862
77 76         1143.40077
77 110         1675.37658
77 112         2920.54017
77 109         6259.80568
77 111          1969.6311
77 158         2849.26454
77 113         3824.71934
77 114         3845.73702
77 107          6752.3406
77 48         4283.97977
77 49         3478.72194
77 47         4468.37526
87 80         4853.79346
87 68         7712.17193
87 56         5644.66898
87 66         8708.54062
87 79         6239.71868
87 72         5505.36536
87 70         7274.56709
87 71         7174.28249
87 55         6638.62663
87 81         4399.93963
87 82         5014.98159
87 84         3155.03235
87 83         3468.75386
87 63         9816.75221
87 64           9045.972
87 54         8152.92599
87 156         8660.21754
87 53         9394.73765
87 65         9691.22523
87 134         3094.79132
87 135         5048.96072
87 138         6497.70322
87 139         8758.98465
87 108         6140.21346
87 69         6869.44377
87 73          4349.4792
87 67         8456.09677
87 89         2245.04402
87 123         7347.58266
87 121         9138.24176
87 120          9594.7323
87 124         5856.88668
87 88         2768.48556
87 78         4312.95403
87 86         1085.00982
87 85         2195.06391
87 90         1978.90354
87 125         4644.18277
87 106         2138.30403
87 136         4415.84072
87 137         6622.21964
87 122         8748.10684
87 42         8892.35118
87 43          8332.7633
87 74         4787.23716
87 44         7472.72258
87 45         6337.82918
87 75         4663.31722
87 46         7262.40029
87 76          3412.7963
87 77         2269.95478
87 110         1778.14209
87 112         1555.85083
87 109         4292.70841
87 111         3193.58882
87 158         3940.47698
87 113         2811.50478
87 114         3830.58665
87 107         5122.79509
87 48          6360.2115
87 49         5319.73966
87 47         6695.74117
42 80         5443.65807
42 68         6502.21172
42 56         4290.54725
42 66         6627.76562
42 79         7696.82916
42 72         3512.82258
42 70         5216.75064
42 71         4379.97586
42 55         3022.24964
42 81         6430.01706
42 82         7429.96728
42 84         6119.34429
42 83          7367.5561
42 36         7856.21804
42 57         6838.24841
42 157         3135.84465
42 39         4412.90522
42 58         6131.15334
42 59         6318.94463
42 40         2621.06835
42 51         5178.52154
42 60         6161.69152
42 155         4597.19614
42 41         1493.36838
42 50         3031.34956
42 52         3981.42455
42 2         9643.48532
42 4         6048.59242
42 3         9007.24931
42 32          9098.4734
42 10         7610.16098
42 35         8403.43889
42 12         5793.73977
42 11         7135.78417
42 159         6571.71636
42 105         4337.79248
42 37         9169.07442
42 38         9050.06021
